var o, p;
o = [
	IdentityDictionary.prNew,  Array.prNew(32),  Array.prNew(9),  Array.prNew(30),  
	Array.prNew(30),  Array.prNew(9),  Array.prNew(30),  Array.prNew(30),  
	Array.prNew(9),  Array.prNew(30),  Array.prNew(30),  Array.prNew(7),  
	Array.prNew(9),  Array.prNew(30),  Array.prNew(30),  Array.prNew(9),  
	Array.prNew(30),  Array.prNew(30)
];
p = [
	// IdentityDictionary
	0, [ array: o[1],  size: 6,  
		proto: nil,  parent: nil,  
		know: false ],  
	// Array
	1, [ nil,  nil,  nil,  nil,  
		nil,  nil,  'add-perc4',  o[2],  
		'add-perc3',  o[5],  nil,  nil,  
		nil,  nil,  nil,  nil,  
		nil,  nil,  nil,  nil,  
		'add_perc1',  o[8],  nil,  nil,  
		nil,  nil,  'preset0',  o[11],  
		'add-perc2',  o[12],  'add-perc5',  o[15] ],  
	// Array
	2, [ 0.999000,  -20.248358,  4.300000,  265.388737,  
		-0.271000,  7.500000,  1.000000,  o[3],  
		o[4] ],  
	// Array
	3, [ 82.410000,  87.310000,  105.400000,  118.710000,  
		125.980000,  133.690000,  141.880000,  141.880000,  
		155.560000,  329.630000,  622.250000,  627.270000,  
		706.480000,  795.680000,  951.050000,  1046.500000,  
		1661.220000,  1661.220000,  1941.120000,  1941.120000,  
		2320.150000,  2462.280000,  2943.060000,  3123.350000,  
		3520.000000,  4186.010000,  5274.040000,  5919.910000,  
		6006.900000,  7179.820000 ],  
	// Array
	4, [ 0.410000,  0.570000,  1.240000,  1.190000,  
		0.580000,  0.890000,  1.110000,  0.900000,  
		0.670000,  1.450000,  1.610000,  1.440000,  
		1.190000,  1.420000,  0.530000,  1.680000,  
		1.290000,  0.320000,  0.840000,  0.440000,  
		0.560000,  1.510000,  0.150000,  0.510000,  
		1.650000,  0.880000,  0.900000,  1.640000,  
		0.510000,  1.220000 ],  
	// Array
	5, [ 0.999000,  -20.248358,  4.300000,  265.388737,  
		-0.271000,  7.500000,  1.000000,  o[6],  
		o[7] ],  
	// Array
	6, [ 87.310000,  92.500000,  92.500000,  110.000000,  
		179.980000,  207.650000,  289.590000,  329.630000,  
		349.230000,  349.230000,  349.230000,  367.340000,  
		367.340000,  389.840000,  466.160000,  587.330000,  
		830.610000,  932.330000,  1108.730000,  1941.120000,  
		2462.280000,  2943.060000,  3123.350000,  3517.730000,  
		3951.070000,  4186.010000,  4978.030000,  5274.040000,  
		5587.650000,  5919.910000 ],  
	// Array
	7, [ 0.410000,  0.570000,  1.240000,  1.190000,  
		0.580000,  0.890000,  1.110000,  0.900000,  
		0.670000,  1.450000,  1.610000,  1.440000,  
		1.190000,  1.420000,  0.530000,  1.680000,  
		1.290000,  0.320000,  0.840000,  0.440000,  
		0.560000,  1.510000,  0.150000,  0.510000,  
		1.650000,  0.880000,  0.900000,  1.640000,  
		0.510000,  1.220000 ],  
	// Array
	8, [ 0.385000,  -17.239811,  6.900000,  -0.291174,  
		-0.237000,  10.000000,  1.000000,  o[9],  
		o[10] ],  
	// Array
	9, [ 170.930000,  364.140000,  708.280000,  1052.410000,  
		1396.550000,  1740.690000,  2084.830000,  2428.970000,  
		2773.100000,  3117.240000,  3461.380000,  3805.520000,  
		4149.660000,  4493.790000,  4837.930000,  5182.070000,  
		5526.210000,  5870.340000,  6214.480000,  6558.620000,  
		6902.760000,  7246.900000,  7591.030000,  7935.170000,  
		8279.310000,  8623.450000,  8967.590000,  9311.720000,  
		9655.860000,  10000.000000 ],  
	// Array
	10, [ 0.410000,  0.570000,  1.240000,  1.190000,  
		0.580000,  0.890000,  1.110000,  0.900000,  
		0.670000,  1.450000,  1.610000,  1.440000,  
		1.190000,  1.420000,  0.530000,  1.680000,  
		1.290000,  0.320000,  0.840000,  0.440000,  
		0.560000,  1.510000,  0.150000,  0.510000,  
		1.650000,  0.880000,  0.900000,  1.640000,  
		0.510000,  1.220000 ],  
	// Array
	11, [ 0,  0,  0,  0,  
		0,  0,  0 ],  
	// Array
	12, [ 0.681000,  -20.248358,  4.300000,  -283.182691,  
		-0.626000,  7.500000,  1.000000,  o[13],  
		o[14] ],  
	// Array
	13, [ 170.930000,  364.140000,  708.280000,  1052.410000,  
		1396.550000,  1740.690000,  2084.830000,  2428.970000,  
		2773.100000,  3117.240000,  3461.380000,  3805.520000,  
		4149.660000,  4493.790000,  4837.930000,  5182.070000,  
		5526.210000,  5870.340000,  6214.480000,  6558.620000,  
		6902.760000,  7246.900000,  7591.030000,  7935.170000,  
		8279.310000,  8623.450000,  8967.590000,  9311.720000,  
		9655.860000,  10000.000000 ],  
	// Array
	14, [ 0.410000,  0.570000,  1.240000,  1.190000,  
		0.580000,  0.890000,  1.110000,  0.900000,  
		0.670000,  1.450000,  1.610000,  1.440000,  
		1.190000,  1.420000,  0.530000,  1.680000,  
		1.290000,  0.320000,  0.840000,  0.440000,  
		0.560000,  1.510000,  0.150000,  0.510000,  
		1.650000,  0.880000,  0.900000,  1.640000,  
		0.510000,  1.220000 ],  
	// Array
	15, [ 0.130000,  -20.248358,  0.000000,  -561.447781,  
		0.000000,  5.160000,  1.000000,  o[16],  
		o[17] ],  
	// Array
	16, [ 99.310000,  105.400000,  116.540000,  118.710000,  
		174.610000,  242.280000,  277.180000,  277.180000,  
		367.340000,  554.370000,  556.950000,  591.070000,  
		932.330000,  1244.510000,  1567.980000,  1567.980000,  
		1624.020000,  1760.000000,  1760.000000,  1941.120000,  
		2186.230000,  2637.020000,  3517.730000,  3951.070000,  
		4186.010000,  4204.600000,  4462.170000,  5919.910000,  
		6006.900000,  6374.870000 ],  
	// Array
	17, [ 0.110000,  0.070000,  0.810000,  1.410000,  
		1.220000,  1.350000,  1.250000,  1.980000,  
		0.960000,  0.580000,  1.630000,  0.610000,  
		1.600000,  0.330000,  1.870000,  0.620000,  
		1.380000,  1.900000,  0.230000,  1.670000,  
		1.040000,  1.220000,  0.550000,  1.980000,  
		1.900000,  0.810000,  1.660000,  0.760000,  
		1.330000,  0.800000 ]
];
prUnarchive(o,p);
