var o, p;
o = [
	IdentityDictionary.prNew,  Array.prNew(32),  Array.prNew(12),  Array.prNew(32),  
	Array.prNew(32),  Array.prNew(32),  Array.prNew(12),  Array.prNew(32),  
	Array.prNew(32),  Array.prNew(32),  Array.prNew(12),  Array.prNew(32),  
	Array.prNew(32),  Array.prNew(32),  Array.prNew(12),  Array.prNew(32),  
	Array.prNew(32),  Array.prNew(32),  Array.prNew(12),  Array.prNew(20),  
	Array.prNew(20),  Array.prNew(20),  Array.prNew(12)
];
p = [
	// IdentityDictionary
	0, [ array: o[1],  size: 6,  
		proto: nil,  parent: nil,  
		know: false ],  
	// Array
	1, [ nil,  nil,  nil,  nil,  
		nil,  nil,  nil,  nil,  
		nil,  nil,  nil,  nil,  
		'test-0',  o[2],  nil,  nil,  
		nil,  nil,  'test-33',  o[6],  
		'test-2',  o[10],  'test1',  o[14],  
		'preset_11_partials',  o[18],  'preset0',  o[22],  
		nil,  nil,  nil,  nil ],  
	// Array
	2, [ 0.199840,  0.707107,  0.000000,  0.500000,  
		0.500000,  0.000050,  0.099910,  0.250000,  
		0.019902,  o[3],  o[4],  o[5] ],  
	// Array
	3, [ 0.479583,  0.273861,  0.905539,  0.984886,  
		0.591608,  0.987421,  0.674537,  0.868907,  
		0.412311,  0.578792,  0.969536,  0.982344,  
		0.989949,  0.932738,  0.604152,  0.997497,  
		0.845577,  0.894427,  0.848528,  0.300000,  
		0.888819,  0.984886,  0.997497,  0.774597,  
		0.703562,  0.860233,  0.663325,  0.570088,  
		0.959166,  0.851469,  0.860233,  0.921954 ],  
	// Array
	4, [ 0.857319,  0.576761,  0.769842,  0.193335,  
		0.596091,  0.062647,  0.764844,  0.968976,  
		0.524047,  0.684860,  0.168622,  0.696462,  
		0.541167,  0.457671,  0.249189,  0.956625,  
		0.076093,  0.511370,  0.073093,  0.721776,  
		0.130645,  0.947354,  0.651014,  0.305430,  
		0.778868,  0.147002,  0.496018,  0.803626,  
		0.290827,  0.655751,  0.791700,  0.251587 ],  
	// Array
	5, [ 0.265024,  0.302193,  0.311490,  0.334404,  
		0.353540,  0.401371,  0.423025,  0.432319,  
		0.449209,  0.458776,  0.487474,  0.497383,  
		0.506677,  0.534563,  0.543856,  0.543856,  
		0.618213,  0.627508,  0.627508,  0.630979,  
		0.683275,  0.707515,  0.717081,  0.745782,  
		0.812751,  0.813399,  0.822318,  0.822318,  
		0.822694,  0.841283,  0.860586,  0.870153 ],  
	// Array
	6, [ 0.199840,  0.707107,  0.000000,  0.500000,  
		0.500000,  0.000050,  0.099910,  0.250000,  
		0.019902,  o[7],  o[8],  o[9] ],  
	// Array
	7, [ 0.784219,  0.692820,  0.282843,  0.308221,  
		0.833667,  0.418330,  0.538516,  0.552268,  
		0.173205,  0.935414,  0.940744,  0.908295,  
		0.908295,  0.463681,  0.640312,  0.331662,  
		0.412311,  0.529150,  0.741620,  0.367423,  
		0.500000,  0.678233,  0.871780,  0.877496,  
		0.529150,  0.948683,  0.624500,  0.714143,  
		0.948683,  0.469042,  0.815475,  0.543139 ],  
	// Array
	8, [ 0.683030,  0.377613,  0.165663,  0.169889,  
		0.202338,  0.343675,  0.341993,  0.220157,  
		0.498467,  0.684368,  0.764740,  0.781193,  
		0.200648,  0.414428,  0.390715,  0.407540,  
		0.921799,  0.551676,  0.245659,  0.019681,  
		0.730583,  0.986391,  0.801865,  0.151391,  
		0.297910,  0.177404,  0.180188,  0.767312,  
		0.094103,  0.511707,  0.125357,  0.319094 ],  
	// Array
	9, [ 0.274313,  0.292901,  0.292901,  0.292901,  
		0.311490,  0.320783,  0.320783,  0.324841,  
		0.423025,  0.439640,  0.439640,  0.458776,  
		0.460206,  0.477907,  0.506677,  0.515971,  
		0.553150,  0.554443,  0.646097,  0.659680,  
		0.659680,  0.745782,  0.757632,  0.764916,  
		0.804105,  0.822318,  0.831989,  0.850578,  
		0.869167,  0.887756,  0.908420,  0.927554 ],  
	// Array
	10, [ 0.072312,  0.707107,  0.146574,  0.500000,  
		0.500000,  1.000000,  0.000000,  0.560472,  
		0.019902,  o[11],  o[12],  o[13] ],  
	// Array
	11, [ 0.721110,  0.724569,  0.500000,  0.771362,  
		0.604152,  0.911043,  0.815475,  0.848528,  
		0.948683,  0.997497,  0.956556,  0.754983,  
		0.380789,  0.640312,  0.871780,  0.552268,  
		0.964365,  0.924662,  0.984886,  0.360555,  
		0.833667,  0.547723,  0.346410,  0.897218,  
		0.921954,  0.424264,  0.900000,  0.908295,  
		0.866025,  0.696419,  0.842615,  0.989949 ],  
	// Array
	12, [ 0.000000,  0.000000,  0.000000,  0.000000,  
		0.000000,  0.000000,  0.000000,  0.000000,  
		0.000000,  0.000000,  0.000000,  0.000000,  
		0.000000,  0.000000,  0.000000,  0.000000,  
		0.000000,  0.000000,  0.000000,  0.000000,  
		0.000000,  0.000000,  0.000000,  0.000000,  
		0.000000,  0.000000,  0.000000,  0.000000,  
		0.000000,  0.000000,  0.000000,  0.000000 ],  
	// Array
	13, [ 0.255726,  0.274313,  0.292901,  0.320783,  
		0.343972,  0.376552,  0.401371,  0.413735,  
		0.441617,  0.478796,  0.525267,  0.535310,  
		0.554443,  0.562447,  0.564011,  0.573578,  
		0.630979,  0.646097,  0.683275,  0.692570,  
		0.729749,  0.745782,  0.757632,  0.766927,  
		0.803184,  0.860586,  0.869167,  0.870153,  
		0.908420,  0.915640,  0.937121,  0.946688 ],  
	// Array
	14, [ 0.313635,  0.707107,  0.203704,  0.500000,  
		0.500000,  0.000050,  0.099910,  0.250000,  
		0.019902,  o[15],  o[16],  o[17] ],  
	// Array
	15, [ 0.842615,  0.891628,  0.655744,  0.809321,  
		0.905539,  0.969536,  0.324037,  0.815475,  
		0.474342,  0.173205,  0.374166,  0.777817,  
		0.771362,  0.707107,  0.141421,  0.595819,  
		0.223607,  0.612372,  0.612372,  0.741620,  
		0.659545,  0.940744,  0.992472,  0.484768,  
		0.851469,  0.452769,  0.734847,  0.916515,  
		0.331662,  0.474342,  0.731437,  0.997497 ],  
	// Array
	16, [ 0.857319,  0.576761,  0.769842,  0.193335,  
		0.596091,  0.062647,  0.764844,  0.968976,  
		0.524047,  0.684860,  0.168622,  0.696462,  
		0.541167,  0.457671,  0.249189,  0.956625,  
		0.076093,  0.511370,  0.073093,  0.721776,  
		0.130645,  0.947354,  0.651014,  0.305430,  
		0.778868,  0.147002,  0.496018,  0.803626,  
		0.290827,  0.655751,  0.791700,  0.251587 ],  
	// Array
	17, [ 0.246432,  0.274313,  0.363103,  0.367261,  
		0.401371,  0.460206,  0.506608,  0.515971,  
		0.534563,  0.544878,  0.553150,  0.553150,  
		0.554443,  0.562447,  0.590329,  0.630979,  
		0.636802,  0.646097,  0.646097,  0.655392,  
		0.688381,  0.697948,  0.711159,  0.739043,  
		0.745782,  0.755350,  0.803184,  0.804105,  
		0.822318,  0.831989,  0.869167,  0.917987 ],  
	// Array
	18, [ 1.000000,  -24.725356,  11.100000,  0.000000,  
		0.000000,  0.001000,  0.762000,  2.000000,  
		5.523000,  o[19],  o[20],  o[21] ],  
	// Array
	19, [ 0.000000,  0.000000,  0.000000,  0.000000,  
		0.000000,  0.000000,  0.000000,  0.000000,  
		0.000000,  0.674537,  0.946044,  0.948683,  
		0.547723,  0.924662,  0.728011,  0.324037,  
		0.714143,  0.966954,  0.761577,  0.781025 ],  
	// Array
	20, [ 0.467138,  0.390718,  0.129050,  0.211551,  
		0.821761,  0.794685,  0.698315,  0.898990,  
		0.394330,  0.301515,  0.360231,  0.290893,  
		0.918755,  0.609197,  0.016739,  0.260098,  
		0.074071,  0.361569,  0.234829,  0.709910 ],  
	// Array
	21, [ 0.000000,  0.283606,  0.391807,  0.410937,  
		0.506677,  0.515971,  0.544878,  0.627508,  
		0.636802,  0.640547,  0.650113,  0.739043,  
		0.748337,  0.748337,  0.776221,  0.784050,  
		0.850578,  0.851019,  0.898854,  0.917987 ],  
	// Array
	22, [ 0,  0,  0,  0,  
		0,  0,  0,  0,  
		0,  0,  0,  0 ]
];
prUnarchive(o,p);
