var o, p;
o = [
	IdentityDictionary.prNew,  Array.prNew(32),  Array.prNew(3),  Array.prNew(1024),  
	Array.prNew(3),  Array.prNew(1024),  Array.prNew(2)
];
p = [
	// IdentityDictionary
	0, [ array: o[1],  size: 3,  
		proto: nil,  parent: nil,  
		know: false ],  
	// Array
	1, [ 'preset1',  o[2],  nil,  nil,  
		nil,  nil,  nil,  nil,  
		nil,  nil,  nil,  nil,  
		nil,  nil,  nil,  nil,  
		nil,  nil,  nil,  nil,  
		nil,  nil,  'preset2',  o[4],  
		nil,  nil,  'preset0',  o[6],  
		nil,  nil,  nil,  nil ],  
	// Array
	2, [ 52.0,  0.0,  o[3] ],  
	// Array
	3, [ 0.111,  0.114,  0.116,  0.119,  
		0.121,  0.123,  0.125,  0.127,  
		0.129,  0.131,  0.133,  0.135,  
		0.138,  0.14,  0.142,  0.145,  
		0.147,  0.149,  0.152,  0.154,  
		0.157,  0.159,  0.161,  0.164,  
		0.166,  0.169,  0.173,  0.177,  
		0.221,  0.23,  0.24,  0.25,  
		0.26,  0.27,  0.287,  0.311,  
		0.334,  0.35,  0.359,  0.368,  
		0.378,  0.387,  0.396,  0.405,  
		0.414,  0.423,  0.429,  0.431,  
		0.433,  0.435,  0.437,  0.439,  
		0.44,  0.44,  0.44,  0.44,  
		0.44,  0.44,  0.44,  0.44,  
		0.44,  0.44,  0.44,  0.44,  
		0.44,  0.44,  0.44,  0.44,  
		0.438,  0.436,  0.434,  0.432,  
		0.43,  0.429,  0.429,  0.429,  
		0.429,  0.429,  0.429,  0.429,  
		0.429,  0.429,  0.429,  0.429,  
		0.429,  0.429,  0.429,  0.429,  
		0.429,  0.427,  0.426,  0.425,  
		0.424,  0.422,  0.421,  0.42,  
		0.418,  0.417,  0.417,  0.417,  
		0.417,  0.417,  0.417,  0.417,  
		0.416,  0.414,  0.413,  0.412,  
		0.411,  0.409,  0.408,  0.407,  
		0.405,  0.404,  0.403,  0.402,  
		0.401,  0.4,  0.399,  0.398,  
		0.397,  0.396,  0.395,  0.394,  
		0.393,  0.392,  0.391,  0.39,  
		0.388,  0.387,  0.386,  0.384,  
		0.383,  0.382,  0.381,  0.379,  
		0.378,  0.377,  0.375,  0.374,  
		0.373,  0.371,  0.37,  0.369,  
		0.368,  0.368,  0.367,  0.366,  
		0.366,  0.365,  0.364,  0.364,  
		0.363,  0.362,  0.362,  0.361,  
		0.36,  0.36,  0.359,  0.358,  
		0.358,  0.357,  0.357,  0.357,  
		0.357,  0.354,  0.35,  0.346,  
		0.344,  0.343,  0.342,  0.341,  
		0.34,  0.339,  0.339,  0.338,  
		0.337,  0.336,  0.335,  0.334,  
		0.331,  0.328,  0.325,  0.322,  
		0.319,  0.317,  0.314,  0.311,  
		0.308,  0.305,  0.302,  0.299,  
		0.296,  0.293,  0.29,  0.287,  
		0.284,  0.281,  0.278,  0.275,  
		0.272,  0.269,  0.267,  0.264,  
		0.261,  0.258,  0.255,  0.252,  
		0.25,  0.247,  0.244,  0.241,  
		0.238,  0.236,  0.233,  0.23,  
		0.227,  0.224,  0.222,  0.219,  
		0.216,  0.213,  0.21,  0.208,  
		0.205,  0.202,  0.198,  0.194,  
		0.19,  0.186,  0.182,  0.178,  
		0.174,  0.17,  0.167,  0.163,  
		0.159,  0.155,  0.151,  0.147,  
		0.143,  0.142,  0.141,  0.14,  
		0.139,  0.138,  0.137,  0.136,  
		0.135,  0.134,  0.133,  0.132,  
		0.131,  0.131,  0.131,  0.131,  
		0.14,  0.152,  0.163,  0.178,  
		0.194,  0.209,  0.224,  0.237,  
		0.251,  0.265,  0.278,  0.292,  
		0.304,  0.315,  0.326,  0.337,  
		0.348,  0.359,  0.37,  0.381,  
		0.392,  0.403,  0.414,  0.425,  
		0.436,  0.447,  0.458,  0.464,  
		0.464,  0.464,  0.464,  0.464,  
		0.464,  0.464,  0.464,  0.464,  
		0.464,  0.464,  0.464,  0.464,  
		0.464,  0.464,  0.464,  0.464,  
		0.464,  0.464,  0.464,  0.464,  
		0.464,  0.464,  0.464,  0.464,  
		0.464,  0.464,  0.464,  0.464,  
		0.464,  0.464,  0.464,  0.464,  
		0.464,  0.464,  0.464,  0.464,  
		0.464,  0.464,  0.464,  0.464,  
		0.464,  0.464,  0.464,  0.464,  
		0.464,  0.464,  0.464,  0.464,  
		0.464,  0.464,  0.464,  0.464,  
		0.464,  0.464,  0.464,  0.464,  
		0.464,  0.464,  0.464,  0.464,  
		0.464,  0.464,  0.464,  0.464,  
		0.464,  0.464,  0.464,  0.464,  
		0.464,  0.464,  0.464,  0.464,  
		0.464,  0.464,  0.464,  0.464,  
		0.464,  0.464,  0.464,  0.464,  
		0.464,  0.464,  0.464,  0.464,  
		0.464,  0.464,  0.464,  0.464,  
		0.464,  0.464,  0.464,  0.464,  
		0.464,  0.464,  0.464,  0.464,  
		0.464,  0.464,  0.464,  0.464,  
		0.464,  0.464,  0.464,  0.464,  
		0.464,  0.464,  0.464,  0.464,  
		0.464,  0.464,  0.464,  0.464,  
		0.464,  0.464,  0.464,  0.464,  
		0.464,  0.464,  0.464,  0.464,  
		0.464,  0.464,  0.463,  0.462,  
		0.461,  0.46,  0.46,  0.459,  
		0.458,  0.457,  0.457,  0.456,  
		0.455,  0.454,  0.453,  0.453,  
		0.451,  0.45,  0.449,  0.448,  
		0.446,  0.445,  0.444,  0.442,  
		0.441,  0.44,  0.439,  0.438,  
		0.437,  0.436,  0.435,  0.434,  
		0.433,  0.432,  0.431,  0.43,  
		0.429,  0.428,  0.427,  0.426,  
		0.425,  0.424,  0.423,  0.422,  
		0.421,  0.42,  0.419,  0.418,  
		0.417,  0.416,  0.414,  0.412,  
		0.41,  0.408,  0.406,  0.404,  
		0.402,  0.401,  0.399,  0.397,  
		0.395,  0.393,  0.391,  0.389,  
		0.387,  0.385,  0.383,  0.381,  
		0.379,  0.377,  0.375,  0.373,  
		0.371,  0.369,  0.367,  0.365,  
		0.363,  0.361,  0.359,  0.357,  
		0.355,  0.352,  0.349,  0.346,  
		0.343,  0.34,  0.337,  0.334,  
		0.331,  0.328,  0.325,  0.322,  
		0.318,  0.312,  0.307,  0.302,  
		0.297,  0.292,  0.286,  0.281,  
		0.276,  0.271,  0.268,  0.264,  
		0.26,  0.256,  0.252,  0.248,  
		0.244,  0.24,  0.236,  0.232,  
		0.228,  0.224,  0.221,  0.217,  
		0.214,  0.213,  0.212,  0.211,  
		0.21,  0.209,  0.208,  0.207,  
		0.206,  0.205,  0.204,  0.203,  
		0.202,  0.201,  0.2,  0.199,  
		0.198,  0.197,  0.196,  0.195,  
		0.194,  0.193,  0.192,  0.191,  
		0.191,  0.191,  0.192,  0.192,  
		0.193,  0.194,  0.194,  0.195,  
		0.196,  0.196,  0.197,  0.198,  
		0.198,  0.199,  0.2,  0.2,  
		0.201,  0.202,  0.202,  0.203,  
		0.204,  0.205,  0.205,  0.206,  
		0.207,  0.208,  0.209,  0.209,  
		0.21,  0.211,  0.212,  0.212,  
		0.213,  0.214,  0.215,  0.216,  
		0.218,  0.219,  0.22,  0.222,  
		0.223,  0.224,  0.226,  0.228,  
		0.23,  0.233,  0.235,  0.238,  
		0.241,  0.243,  0.246,  0.249,  
		0.251,  0.254,  0.256,  0.259,  
		0.262,  0.264,  0.267,  0.269,  
		0.272,  0.274,  0.276,  0.277,  
		0.278,  0.279,  0.281,  0.282,  
		0.283,  0.285,  0.287,  0.29,  
		0.294,  0.298,  0.302,  0.306,  
		0.31,  0.314,  0.318,  0.322,  
		0.326,  0.33,  0.333,  0.335,  
		0.337,  0.339,  0.341,  0.343,  
		0.345,  0.347,  0.349,  0.351,  
		0.353,  0.355,  0.357,  0.359,  
		0.362,  0.365,  0.367,  0.37,  
		0.373,  0.375,  0.378,  0.38,  
		0.383,  0.386,  0.388,  0.391,  
		0.393,  0.396,  0.399,  0.401,  
		0.404,  0.406,  0.409,  0.411,  
		0.414,  0.416,  0.419,  0.421,  
		0.424,  0.426,  0.428,  0.431,  
		0.433,  0.436,  0.438,  0.441,  
		0.443,  0.446,  0.448,  0.45,  
		0.453,  0.455,  0.458,  0.46,  
		0.463,  0.465,  0.468,  0.47,  
		0.473,  0.476,  0.478,  0.481,  
		0.484,  0.486,  0.489,  0.491,  
		0.494,  0.497,  0.499,  0.502,  
		0.504,  0.507,  0.51,  0.512,  
		0.515,  0.518,  0.521,  0.524,  
		0.527,  0.53,  0.533,  0.536,  
		0.539,  0.542,  0.545,  0.548,  
		0.551,  0.555,  0.559,  0.563,  
		0.567,  0.571,  0.575,  0.579,  
		0.583,  0.587,  0.591,  0.595,  
		0.598,  0.601,  0.604,  0.606,  
		0.609,  0.612,  0.615,  0.618,  
		0.621,  0.624,  0.627,  0.63,  
		0.631,  0.63,  0.63,  0.629,  
		0.629,  0.628,  0.627,  0.627,  
		0.626,  0.626,  0.625,  0.625,  
		0.624,  0.624,  0.623,  0.623,  
		0.622,  0.622,  0.621,  0.621,  
		0.62,  0.62,  0.619,  0.619,  
		0.618,  0.618,  0.617,  0.617,  
		0.616,  0.615,  0.615,  0.614,  
		0.614,  0.613,  0.613,  0.612,  
		0.612,  0.611,  0.611,  0.61,  
		0.61,  0.609,  0.609,  0.608,  
		0.608,  0.607,  0.605,  0.603,  
		0.6,  0.598,  0.596,  0.594,  
		0.592,  0.589,  0.587,  0.585,  
		0.583,  0.581,  0.578,  0.576,  
		0.574,  0.572,  0.569,  0.567,  
		0.565,  0.563,  0.561,  0.558,  
		0.556,  0.554,  0.552,  0.55,  
		0.547,  0.545,  0.543,  0.541,  
		0.539,  0.536,  0.534,  0.532,  
		0.53,  0.528,  0.525,  0.523,  
		0.521,  0.519,  0.517,  0.514,  
		0.512,  0.51,  0.508,  0.506,  
		0.503,  0.501,  0.499,  0.497,  
		0.495,  0.492,  0.49,  0.488,  
		0.486,  0.484,  0.482,  0.479,  
		0.477,  0.475,  0.473,  0.471,  
		0.469,  0.466,  0.464,  0.462,  
		0.46,  0.458,  0.455,  0.453,  
		0.451,  0.449,  0.447,  0.445,  
		0.442,  0.44,  0.439,  0.437,  
		0.435,  0.434,  0.432,  0.43,  
		0.429,  0.427,  0.425,  0.423,  
		0.422,  0.42,  0.418,  0.417,  
		0.415,  0.413,  0.412,  0.41,  
		0.408,  0.407,  0.405,  0.405,  
		0.405,  0.405,  0.405,  0.405,  
		0.405,  0.405,  0.405,  0.405,  
		0.405,  0.405,  0.405,  0.405,  
		0.405,  0.405,  0.405,  0.405,  
		0.405,  0.405,  0.405,  0.405,  
		0.405,  0.405,  0.405,  0.405,  
		0.405,  0.405,  0.405,  0.405,  
		0.405,  0.405,  0.405,  0.405,  
		0.405,  0.405,  0.405,  0.405,  
		0.405,  0.405,  0.405,  0.405,  
		0.405,  0.405,  0.405,  0.405,  
		0.405,  0.405,  0.405,  0.405,  
		0.405,  0.405,  0.405,  0.405,  
		0.405,  0.405,  0.405,  0.405,  
		0.405,  0.405,  0.405,  0.404,  
		0.401,  0.397,  0.393,  0.39,  
		0.387,  0.384,  0.381,  0.378,  
		0.375,  0.372,  0.369,  0.366,  
		0.363,  0.36,  0.357,  0.352,  
		0.347,  0.341,  0.336,  0.33,  
		0.325,  0.319,  0.314,  0.308,  
		0.303,  0.297,  0.292,  0.286,  
		0.281,  0.275,  0.271,  0.267,  
		0.263,  0.259,  0.255,  0.251,  
		0.248,  0.244,  0.24,  0.236,  
		0.232,  0.228,  0.224,  0.22,  
		0.216,  0.213,  0.209,  0.205,  
		0.202,  0.198,  0.195,  0.191,  
		0.188,  0.184,  0.181,  0.177,  
		0.174,  0.17,  0.167,  0.163,  
		0.16,  0.156,  0.153,  0.149,  
		0.146,  0.142,  0.138,  0.135,  
		0.131,  0.128,  0.124,  0.121,  
		0.117,  0.114,  0.11,  0.107,  
		0.104,  0.102,  0.099,  0.096,  
		0.094,  0.091,  0.089,  0.086 ],  
	// Array
	4, [ 52.0,  0.0,  o[5] ],  
	// Array
	5, [ 0.274,  0.274,  0.274,  0.274,  
		0.274,  0.274,  0.274,  0.274,  
		0.274,  0.274,  0.274,  0.274,  
		0.274,  0.274,  0.274,  0.274,  
		0.274,  0.274,  0.274,  0.274,  
		0.274,  0.274,  0.274,  0.274,  
		0.274,  0.274,  0.274,  0.274,  
		0.274,  0.274,  0.274,  0.274,  
		0.274,  0.274,  0.274,  0.274,  
		0.274,  0.274,  0.274,  0.274,  
		0.274,  0.274,  0.274,  0.274,  
		0.274,  0.274,  0.274,  0.274,  
		0.274,  0.274,  0.274,  0.274,  
		0.274,  0.274,  0.274,  0.273,  
		0.272,  0.271,  0.27,  0.27,  
		0.269,  0.268,  0.267,  0.267,  
		0.266,  0.265,  0.264,  0.263,  
		0.263,  0.262,  0.26,  0.259,  
		0.258,  0.257,  0.255,  0.254,  
		0.253,  0.251,  0.25,  0.249,  
		0.247,  0.246,  0.245,  0.243,  
		0.242,  0.241,  0.24,  0.238,  
		0.238,  0.238,  0.238,  0.238,  
		0.238,  0.238,  0.238,  0.238,  
		0.238,  0.238,  0.238,  0.238,  
		0.238,  0.238,  0.238,  0.238,  
		0.238,  0.238,  0.238,  0.238,  
		0.238,  0.238,  0.238,  0.238,  
		0.214,  0.214,  0.214,  0.214,  
		0.268,  0.272,  0.276,  0.28,  
		0.284,  0.288,  0.291,  0.295,  
		0.298,  0.299,  0.301,  0.302,  
		0.303,  0.305,  0.306,  0.307,  
		0.309,  0.311,  0.315,  0.319,  
		0.322,  0.326,  0.33,  0.334,  
		0.338,  0.342,  0.346,  0.35,  
		0.354,  0.357,  0.359,  0.361,  
		0.363,  0.365,  0.367,  0.369,  
		0.373,  0.377,  0.381,  0.383,  
		0.385,  0.387,  0.389,  0.391,  
		0.393,  0.394,  0.395,  0.397,  
		0.398,  0.399,  0.401,  0.402,  
		0.403,  0.405,  0.408,  0.412,  
		0.416,  0.42,  0.424,  0.428,  
		0.43,  0.432,  0.434,  0.436,  
		0.438,  0.44,  0.442,  0.445,  
		0.447,  0.45,  0.453,  0.455,  
		0.458,  0.461,  0.463,  0.466,  
		0.468,  0.471,  0.474,  0.476,  
		0.479,  0.481,  0.484,  0.487,  
		0.489,  0.492,  0.495,  0.497,  
		0.5,  0.502,  0.505,  0.508,  
		0.51,  0.513,  0.515,  0.518,  
		0.521,  0.523,  0.526,  0.528,  
		0.531,  0.534,  0.536,  0.538,  
		0.54,  0.542,  0.544,  0.546,  
		0.548,  0.55,  0.552,  0.554,  
		0.556,  0.558,  0.56,  0.564,  
		0.568,  0.572,  0.575,  0.579,  
		0.583,  0.585,  0.587,  0.589,  
		0.591,  0.593,  0.595,  0.595,  
		0.595,  0.595,  0.595,  0.595,  
		0.595,  0.595,  0.595,  0.595,  
		0.595,  0.595,  0.595,  0.595,  
		0.595,  0.595,  0.595,  0.595,  
		0.595,  0.595,  0.595,  0.595,  
		0.595,  0.595,  0.595,  0.595,  
		0.595,  0.595,  0.595,  0.595,  
		0.595,  0.595,  0.595,  0.595,  
		0.595,  0.595,  0.595,  0.595,  
		0.595,  0.595,  0.595,  0.595,  
		0.595,  0.595,  0.595,  0.595,  
		0.595,  0.595,  0.595,  0.595,  
		0.595,  0.595,  0.595,  0.595,  
		0.595,  0.595,  0.593,  0.591,  
		0.589,  0.587,  0.585,  0.583,  
		0.582,  0.58,  0.578,  0.577,  
		0.575,  0.574,  0.572,  0.571,  
		0.569,  0.567,  0.566,  0.564,  
		0.563,  0.561,  0.56,  0.555,  
		0.549,  0.544,  0.539,  0.534,  
		0.528,  0.523,  0.518,  0.513,  
		0.508,  0.502,  0.497,  0.492,  
		0.487,  0.481,  0.476,  0.471,  
		0.466,  0.46,  0.453,  0.447,  
		0.44,  0.433,  0.427,  0.42,  
		0.414,  0.407,  0.4,  0.392,  
		0.384,  0.377,  0.369,  0.361,  
		0.354,  0.349,  0.344,  0.339,  
		0.334,  0.328,  0.323,  0.318,  
		0.313,  0.308,  0.304,  0.3,  
		0.296,  0.292,  0.288,  0.284,  
		0.28,  0.277,  0.273,  0.27,  
		0.268,  0.265,  0.263,  0.26,  
		0.257,  0.255,  0.252,  0.25,  
		0.248,  0.247,  0.246,  0.245,  
		0.243,  0.242,  0.241,  0.239,  
		0.238,  0.235,  0.233,  0.23,  
		0.227,  0.225,  0.222,  0.22,  
		0.217,  0.214,  0.212,  0.209,  
		0.207,  0.204,  0.201,  0.199,  
		0.196,  0.194,  0.191,  0.189,  
		0.187,  0.185,  0.183,  0.181,  
		0.179,  0.177,  0.174,  0.171,  
		0.169,  0.166,  0.164,  0.161,  
		0.158,  0.156,  0.152,  0.148,  
		0.144,  0.141,  0.137,  0.133,  
		0.129,  0.127,  0.124,  0.122,  
		0.119,  0.116,  0.114,  0.111,  
		0.109,  0.107,  0.107,  0.107,  
		0.107,  0.107,  0.107,  0.106,  
		0.104,  0.103,  0.101,  0.099,  
		0.097,  0.095,  0.095,  0.095,  
		0.095,  0.095,  0.095,  0.095,  
		0.095,  0.095,  0.095,  0.095,  
		0.095,  0.095,  0.095,  0.095,  
		0.095,  0.095,  0.095,  0.095,  
		0.095,  0.095,  0.095,  0.095,  
		0.095,  0.095,  0.095,  0.095,  
		0.095,  0.095,  0.095,  0.095,  
		0.095,  0.095,  0.095,  0.095,  
		0.095,  0.095,  0.095,  0.095,  
		0.095,  0.095,  0.095,  0.095,  
		0.099,  0.104,  0.109,  0.114,  
		0.119,  0.123,  0.128,  0.133,  
		0.138,  0.143,  0.148,  0.153,  
		0.157,  0.161,  0.165,  0.169,  
		0.173,  0.177,  0.181,  0.185,  
		0.188,  0.192,  0.196,  0.2,  
		0.204,  0.208,  0.212,  0.217,  
		0.224,  0.231,  0.238,  0.245,  
		0.252,  0.259,  0.266,  0.274,  
		0.281,  0.288,  0.295,  0.302,  
		0.309,  0.316,  0.323,  0.33,  
		0.337,  0.343,  0.35,  0.357,  
		0.364,  0.371,  0.378,  0.385,  
		0.391,  0.398,  0.405,  0.412,  
		0.418,  0.425,  0.431,  0.438,  
		0.444,  0.451,  0.457,  0.464,  
		0.468,  0.472,  0.476,  0.48,  
		0.484,  0.488,  0.491,  0.495,  
		0.499,  0.505,  0.511,  0.517,  
		0.522,  0.528,  0.534,  0.542,  
		0.549,  0.557,  0.561,  0.563,  
		0.565,  0.567,  0.569,  0.571,  
		0.573,  0.575,  0.577,  0.579,  
		0.581,  0.582,  0.584,  0.585,  
		0.587,  0.588,  0.589,  0.591,  
		0.592,  0.593,  0.595,  0.595,  
		0.595,  0.595,  0.595,  0.595,  
		0.595,  0.595,  0.595,  0.595,  
		0.595,  0.595,  0.595,  0.595,  
		0.595,  0.595,  0.595,  0.595,  
		0.595,  0.595,  0.595,  0.595,  
		0.595,  0.595,  0.595,  0.595,  
		0.595,  0.595,  0.595,  0.595,  
		0.595,  0.595,  0.595,  0.595,  
		0.595,  0.595,  0.595,  0.595,  
		0.595,  0.595,  0.595,  0.595,  
		0.595,  0.595,  0.595,  0.595,  
		0.595,  0.595,  0.595,  0.595,  
		0.595,  0.595,  0.595,  0.595,  
		0.595,  0.595,  0.569,  0.565,  
		0.561,  0.536,  0.536,  0.536,  
		0.536,  0.536,  0.536,  0.536,  
		0.536,  0.536,  0.536,  0.536,  
		0.536,  0.534,  0.53,  0.526,  
		0.522,  0.518,  0.514,  0.51,  
		0.506,  0.502,  0.498,  0.494,  
		0.49,  0.487,  0.483,  0.48,  
		0.477,  0.473,  0.47,  0.467,  
		0.463,  0.46,  0.457,  0.453,  
		0.45,  0.446,  0.443,  0.44,  
		0.436,  0.433,  0.43,  0.426,  
		0.423,  0.42,  0.416,  0.413,  
		0.41,  0.406,  0.403,  0.4,  
		0.397,  0.393,  0.39,  0.387,  
		0.384,  0.38,  0.377,  0.374,  
		0.371,  0.367,  0.364,  0.361,  
		0.357,  0.354,  0.351,  0.348,  
		0.344,  0.341,  0.338,  0.335,  
		0.331,  0.328,  0.325,  0.322,  
		0.318,  0.315,  0.312,  0.309,  
		0.305,  0.302,  0.299,  0.295,  
		0.292,  0.289,  0.285,  0.282,  
		0.279,  0.276,  0.272,  0.269,  
		0.266,  0.262,  0.259,  0.256,  
		0.252,  0.249,  0.246,  0.242,  
		0.239,  0.236,  0.232,  0.229,  
		0.226,  0.222,  0.219,  0.216,  
		0.213,  0.209,  0.206,  0.203,  
		0.199,  0.196,  0.193,  0.189,  
		0.186,  0.183,  0.179,  0.176,  
		0.173,  0.169,  0.166,  0.164,  
		0.162,  0.16,  0.159,  0.157,  
		0.155,  0.153,  0.151,  0.149,  
		0.147,  0.145,  0.143,  0.141,  
		0.139,  0.137,  0.135,  0.133,  
		0.131,  0.129,  0.127,  0.125,  
		0.123,  0.121,  0.119,  0.117,  
		0.115,  0.113,  0.111,  0.11,  
		0.108,  0.106,  0.104,  0.102,  
		0.1,  0.098,  0.096,  0.094,  
		0.092,  0.09,  0.088,  0.086,  
		0.084,  0.082,  0.08,  0.078,  
		0.076,  0.074,  0.072,  0.07,  
		0.068,  0.066,  0.064,  0.063,  
		0.061,  0.059,  0.057,  0.055,  
		0.053,  0.051,  0.049,  0.047,  
		0.045,  0.043,  0.041,  0.039,  
		0.037,  0.035,  0.033,  0.032,  
		0.03,  0.028,  0.026,  0.025,  
		0.023,  0.021,  0.019,  0.018,  
		0.016,  0.014,  0.013,  0.011,  
		0.009,  0.007,  0.006,  0.004,  
		0.002,  0.0,  0.0,  0.0,  
		0.0,  0.0,  0.0,  0.0,  
		0.0,  0.0,  0.0,  0.0,  
		0.0,  0.0,  0.0,  0.0,  
		0.0,  0.0,  0.0,  0.0,  
		0.0,  0.0,  0.0,  0.0,  
		0.0,  0.0,  0.0,  0.0,  
		0.0,  0.0,  0.0,  0.0,  
		0.0,  0.0,  0.0,  0.0,  
		0.0,  0.0,  0.0,  0.0,  
		0.0,  0.0,  0.0,  0.0,  
		0.0,  0.0,  0.0,  0.0,  
		0.0,  0.0,  0.0,  0.0,  
		0.0,  0.0,  0.0,  0.0,  
		0.0,  0.0,  0.0,  0.0,  
		0.0,  0.0,  0.0,  0.0,  
		0.0,  0.0,  0.0,  0.0,  
		0.0,  0.0,  0.0,  0.0,  
		0.0,  0.0,  0.0,  0.0,  
		0.0,  0.0,  0.0,  0.0,  
		0.0,  0.0,  0.0,  0.0,  
		0.0,  0.004,  0.008,  0.012,  
		0.018,  0.023,  0.029,  0.035,  
		0.041,  0.047,  0.053,  0.059,  
		0.065,  0.07,  0.076,  0.082,  
		0.09,  0.098,  0.105,  0.113,  
		0.121,  0.129,  0.137,  0.145,  
		0.152,  0.16,  0.168,  0.176,  
		0.184,  0.192,  0.199,  0.212,  
		0.228,  0.243,  0.253,  0.258,  
		0.263,  0.269,  0.274,  0.279,  
		0.284,  0.29,  0.295,  0.303,  
		0.315,  0.327,  0.333,  0.333,  
		0.333,  0.333,  0.333,  0.333,  
		0.333,  0.333,  0.333,  0.333,  
		0.333,  0.333,  0.333,  0.333,  
		0.333,  0.333,  0.333,  0.333,  
		0.333,  0.333,  0.333,  0.333,  
		0.333,  0.333,  0.333,  0.333,  
		0.333,  0.333,  0.333,  0.333,  
		0.333,  0.332,  0.331,  0.329 ],  
	// Array
	6, [ 0,  0 ]
];
prUnarchive(o,p);
