var o, p;
o = [
	IdentityDictionary.prNew,  Array.prNew(32),  Array.prNew(3),  Array.prNew(1024),  
	Array.prNew(1024),  Array.prNew(3),  Array.prNew(1024),  Array.prNew(1024),  
	Array.prNew(3)
];
p = [
	// IdentityDictionary
	0, [ array: o[1],  size: 3,  
		proto: nil,  parent: nil,  
		know: false ],  
	// Array
	1, [ 'preset1',  o[2],  nil,  nil,  
		nil,  nil,  nil,  nil,  
		nil,  nil,  nil,  nil,  
		nil,  nil,  nil,  nil,  
		nil,  nil,  nil,  nil,  
		nil,  nil,  'preset2',  o[5],  
		nil,  nil,  'preset0',  o[8],  
		nil,  nil,  nil,  nil ],  
	// Array
	2, [ 0.0,  o[3],  o[4] ],  
	// Array
	3, [ 0.077,  0.077,  0.077,  0.077,  
		0.077,  0.077,  0.077,  0.077,  
		0.077,  0.077,  0.077,  0.077,  
		0.112,  0.118,  0.124,  0.13,  
		0.136,  0.141,  0.147,  0.153,  
		0.159,  0.165,  0.171,  0.177,  
		0.189,  0.203,  0.218,  0.233,  
		0.247,  0.262,  0.277,  0.292,  
		0.306,  0.321,  0.336,  0.35,  
		0.365,  0.379,  0.393,  0.407,  
		0.421,  0.435,  0.449,  0.463,  
		0.478,  0.492,  0.506,  0.52,  
		0.534,  0.548,  0.562,  0.575,  
		0.585,  0.595,  0.605,  0.615,  
		0.625,  0.635,  0.645,  0.655,  
		0.666,  0.676,  0.686,  0.696,  
		0.706,  0.716,  0.726,  0.736,  
		0.746,  0.756,  0.766,  0.776,  
		0.786,  0.797,  0.807,  0.818,  
		0.828,  0.839,  0.849,  0.86,  
		0.87,  0.881,  0.891,  0.901,  
		0.912,  0.922,  0.933,  0.943,  
		0.954,  0.964,  0.975,  0.985,  
		0.995,  1.006,  1.016,  1.027,  
		1.037,  1.048,  1.058,  1.069,  
		1.083,  1.098,  1.114,  1.13,  
		1.146,  1.161,  1.177,  1.193,  
		1.208,  1.224,  1.24,  1.255,  
		1.271,  1.287,  1.302,  1.318,  
		1.334,  1.349,  1.361,  1.37,  
		1.378,  1.386,  1.395,  1.403,  
		1.412,  1.42,  1.428,  1.437,  
		1.445,  1.454,  1.462,  1.47,  
		1.479,  1.487,  1.496,  1.504,  
		1.512,  1.521,  1.529,  1.537,  
		1.544,  1.551,  1.558,  1.565,  
		1.572,  1.578,  1.585,  1.592,  
		1.599,  1.606,  1.613,  1.62,  
		1.626,  1.633,  1.64,  1.647,  
		1.654,  1.661,  1.668,  1.674,  
		1.681,  1.688,  1.695,  1.702,  
		1.709,  1.716,  1.722,  1.729,  
		1.736,  1.743,  1.75,  1.757,  
		1.764,  1.77,  1.777,  1.784,  
		1.79,  1.796,  1.802,  1.808,  
		1.814,  1.82,  1.825,  1.831,  
		1.837,  1.843,  1.849,  1.855,  
		1.861,  1.867,  1.872,  1.878,  
		1.884,  1.89,  1.896,  1.902,  
		1.908,  1.914,  1.919,  1.925,  
		1.931,  1.937,  1.943,  1.949,  
		1.955,  1.961,  1.965,  1.967,  
		1.968,  1.97,  1.972,  1.973,  
		1.975,  1.977,  1.978,  1.98,  
		1.982,  1.983,  1.985,  1.987,  
		1.988,  1.99,  1.992,  1.993,  
		1.995,  1.997,  1.999,  2.001,  
		2.007,  2.012,  2.018,  2.024,  
		2.03,  2.036,  2.042,  2.048,  
		2.054,  2.059,  2.065,  2.071,  
		2.074,  2.076,  2.078,  2.081,  
		2.083,  2.085,  2.088,  2.09,  
		2.092,  2.095,  2.097,  2.1,  
		2.102,  2.104,  2.107,  2.111,  
		2.115,  2.12,  2.125,  2.13,  
		2.134,  2.139,  2.144,  2.148,  
		2.153,  2.158,  2.162,  2.167,  
		2.172,  2.177,  2.179,  2.179,  
		2.179,  2.179,  2.179,  2.179,  
		2.179,  2.179,  2.179,  2.179,  
		2.179,  2.179,  2.179,  2.179,  
		2.179,  2.179,  2.179,  2.179,  
		2.179,  2.179,  2.179,  2.179,  
		2.179,  2.179,  2.179,  2.179,  
		2.179,  2.179,  2.179,  2.179,  
		2.179,  2.179,  2.179,  2.179,  
		2.179,  2.179,  2.179,  2.179,  
		2.179,  2.179,  2.181,  2.183,  
		2.185,  2.187,  2.188,  2.19,  
		2.192,  2.194,  2.196,  2.198,  
		2.2,  2.202,  2.204,  2.206,  
		2.208,  2.21,  2.212,  2.214,  
		2.214,  2.214,  2.214,  2.214,  
		2.214,  2.214,  2.214,  2.214,  
		2.214,  2.214,  2.214,  2.214,  
		2.214,  2.214,  2.214,  2.214,  
		2.214,  2.214,  2.214,  2.214,  
		2.214,  2.214,  2.214,  2.214,  
		2.214,  2.214,  2.214,  2.214,  
		2.214,  2.214,  2.214,  2.214,  
		2.214,  2.214,  2.214,  2.214,  
		2.214,  2.214,  2.214,  2.214,  
		2.214,  2.214,  2.214,  2.214,  
		2.214,  2.214,  2.214,  2.214,  
		2.214,  2.212,  2.21,  2.208,  
		2.206,  2.204,  2.202,  2.2,  
		2.198,  2.196,  2.194,  2.192,  
		2.19,  2.188,  2.186,  2.184,  
		2.183,  2.181,  2.179,  2.177,  
		2.175,  2.174,  2.172,  2.17,  
		2.169,  2.167,  2.165,  2.163,  
		2.162,  2.16,  2.158,  2.157,  
		2.155,  2.153,  2.152,  2.15,  
		2.148,  2.147,  2.145,  2.143,  
		2.141,  2.139,  2.136,  2.134,  
		2.132,  2.129,  2.127,  2.125,  
		2.122,  2.12,  2.118,  2.115,  
		2.113,  2.111,  2.108,  2.103,  
		2.096,  2.089,  2.082,  2.075,  
		2.068,  2.061,  2.054,  2.047,  
		2.04,  2.033,  2.026,  2.019,  
		2.012,  2.005,  1.999,  1.994,  
		1.99,  1.986,  1.982,  1.978,  
		1.974,  1.97,  1.965,  1.961,  
		1.957,  1.953,  1.949,  1.945,  
		1.941,  1.936,  1.932,  1.928,  
		1.924,  1.92,  1.916,  1.912,  
		1.907,  1.903,  1.899,  1.895,  
		1.891,  1.887,  1.882,  1.878,  
		1.874,  1.87,  1.866,  1.862,  
		1.858,  1.853,  1.849,  1.845,  
		1.841,  1.837,  1.833,  1.829,  
		1.824,  1.82,  1.816,  1.812,  
		1.808,  1.804,  1.8,  1.795,  
		1.791,  1.787,  1.782,  1.776,  
		1.77,  1.764,  1.758,  1.752,  
		1.746,  1.741,  1.735,  1.729,  
		1.723,  1.717,  1.711,  1.705,  
		1.699,  1.694,  1.688,  1.682,  
		1.676,  1.67,  1.664,  1.658,  
		1.652,  1.647,  1.641,  1.636,  
		1.632,  1.627,  1.622,  1.618,  
		1.613,  1.608,  1.604,  1.599,  
		1.594,  1.589,  1.585,  1.58,  
		1.575,  1.571,  1.569,  1.566,  
		1.564,  1.562,  1.559,  1.557,  
		1.555,  1.552,  1.55,  1.548,  
		1.545,  1.543,  1.54,  1.538,  
		1.536,  1.532,  1.528,  1.524,  
		1.52,  1.516,  1.512,  1.508,  
		1.504,  1.501,  1.497,  1.495,  
		1.492,  1.489,  1.486,  1.483,  
		1.48,  1.477,  1.474,  1.471,  
		1.468,  1.465,  1.459,  1.451,  
		1.443,  1.435,  1.427,  1.42,  
		1.412,  1.404,  1.396,  1.388,  
		1.38,  1.373,  1.365,  1.357,  
		1.349,  1.341,  1.333,  1.326,  
		1.316,  1.304,  1.292,  1.281,  
		1.269,  1.257,  1.248,  1.242,  
		1.236,  1.23,  1.224,  1.218,  
		1.207,  1.183,  1.16,  1.14,  
		1.128,  1.116,  1.071,  1.071,  
		1.071,  1.071,  1.069,  1.066,  
		1.064,  1.062,  1.059,  1.057,  
		1.054,  1.052,  1.05,  1.047,  
		1.045,  1.043,  1.04,  1.038,  
		1.036,  1.031,  1.026,  1.022,  
		1.017,  1.012,  1.007,  1.003,  
		0.998,  0.993,  0.989,  0.984,  
		0.979,  0.975,  0.97,  0.965,  
		0.962,  0.96,  0.958,  0.955,  
		0.953,  0.951,  0.948,  0.946,  
		0.944,  0.941,  0.939,  0.936,  
		0.934,  0.932,  0.929,  0.927,  
		0.925,  0.922,  0.92,  0.918,  
		0.915,  0.913,  0.911,  0.908,  
		0.906,  0.904,  0.901,  0.899,  
		0.897,  0.894,  0.892,  0.889,  
		0.886,  0.884,  0.881,  0.878,  
		0.875,  0.873,  0.87,  0.867,  
		0.865,  0.862,  0.859,  0.856,  
		0.854,  0.851,  0.848,  0.846,  
		0.843,  0.84,  0.837,  0.835,  
		0.832,  0.829,  0.827,  0.824,  
		0.821,  0.818,  0.816,  0.813,  
		0.81,  0.808,  0.805,  0.802,  
		0.799,  0.797,  0.794,  0.791,  
		0.789,  0.786,  0.783,  0.78,  
		0.777,  0.774,  0.771,  0.768,  
		0.765,  0.762,  0.759,  0.757,  
		0.754,  0.751,  0.748,  0.745,  
		0.742,  0.739,  0.736,  0.733,  
		0.73,  0.727,  0.724,  0.721,  
		0.718,  0.715,  0.712,  0.71,  
		0.707,  0.704,  0.701,  0.698,  
		0.695,  0.692,  0.689,  0.686,  
		0.683,  0.68,  0.677,  0.673,  
		0.669,  0.665,  0.661,  0.657,  
		0.653,  0.649,  0.645,  0.641,  
		0.638,  0.634,  0.63,  0.626,  
		0.622,  0.618,  0.614,  0.61,  
		0.606,  0.602,  0.598,  0.594,  
		0.591,  0.587,  0.583,  0.579,  
		0.575,  0.571,  0.567,  0.563,  
		0.559,  0.555,  0.551,  0.547,  
		0.544,  0.54,  0.536,  0.533,  
		0.53,  0.527,  0.524,  0.521,  
		0.518,  0.515,  0.512,  0.509,  
		0.506,  0.503,  0.5,  0.497,  
		0.495,  0.492,  0.489,  0.486,  
		0.483,  0.48,  0.477,  0.474,  
		0.471,  0.468,  0.465,  0.462,  
		0.459,  0.456,  0.453,  0.45,  
		0.448,  0.445,  0.442,  0.439,  
		0.436,  0.433,  0.43,  0.426,  
		0.42,  0.415,  0.41,  0.405,  
		0.4,  0.394,  0.389,  0.384,  
		0.379,  0.373,  0.368,  0.363,  
		0.358,  0.353,  0.347,  0.342,  
		0.337,  0.332,  0.326,  0.321,  
		0.316,  0.311,  0.306,  0.3,  
		0.295,  0.29,  0.285,  0.28,  
		0.275,  0.271,  0.266,  0.261,  
		0.257,  0.252,  0.247,  0.242,  
		0.238,  0.233,  0.228,  0.224,  
		0.219,  0.214,  0.21,  0.205,  
		0.2,  0.195,  0.191,  0.186,  
		0.181,  0.177,  0.172,  0.167,  
		0.163,  0.158,  0.153,  0.148,  
		0.144,  0.14,  0.138,  0.135,  
		0.132,  0.129,  0.126,  0.123,  
		0.12,  0.117,  0.114,  0.111,  
		0.108,  0.105,  0.102,  0.098,  
		0.095,  0.091,  0.088,  0.085,  
		0.081,  0.078,  0.075,  0.071,  
		0.068,  0.065,  0.061,  0.058,  
		0.055,  0.051,  0.048,  0.044,  
		0.041,  0.038,  0.034,  0.03,  
		0.026,  0.022,  0.019,  0.015,  
		0.011,  0.007,  0.003,  0.0,  
		0.0,  0.0,  0.0,  0.0,  
		0.0,  0.0,  0.0,  0.0,  
		0.0,  0.0,  0.0,  0.0,  
		0.0,  0.0,  0.0,  0.0,  
		0.0,  0.0,  0.0,  0.0,  
		0.0,  0.0,  0.0,  0.0,  
		0.0,  0.0,  0.0,  0.0,  
		0.0,  0.0,  0.0,  0.0,  
		0.0,  0.0,  0.0,  0.0,  
		0.0,  0.0,  0.0,  0.0,  
		0.0,  0.0,  0.0,  0.0,  
		0.0,  0.0,  0.0,  0.0,  
		0.0,  0.0,  0.0,  0.0,  
		0.0,  0.0,  0.0,  0.0,  
		0.0,  0.0,  0.0,  0.0,  
		0.0,  0.0,  0.0,  0.0,  
		0.0,  0.0,  0.0,  0.0,  
		0.0,  0.0,  0.0,  0.0,  
		0.0,  0.0,  0.0,  0.0,  
		0.0,  0.0,  0.0,  0.0,  
		0.0,  0.0,  0.0,  0.0,  
		0.0,  0.0,  0.0,  0.0,  
		0.0,  0.0,  0.0,  0.0,  
		0.0,  0.0,  0.0,  0.0,  
		0.0,  0.0,  0.0,  0.0 ],  
	// Array
	4, [ 0.123,  0.127,  0.131,  0.135,  
		0.139,  0.143,  0.146,  0.15,  
		0.154,  0.158,  0.162,  0.166,  
		0.17,  0.174,  0.178,  0.182,  
		0.186,  0.19,  0.194,  0.198,  
		0.203,  0.207,  0.211,  0.216,  
		0.22,  0.225,  0.229,  0.234,  
		0.238,  0.242,  0.247,  0.251,  
		0.256,  0.26,  0.264,  0.269,  
		0.273,  0.278,  0.282,  0.286,  
		0.291,  0.295,  0.299,  0.303,  
		0.306,  0.309,  0.313,  0.316,  
		0.319,  0.323,  0.326,  0.329,  
		0.333,  0.336,  0.339,  0.343,  
		0.346,  0.35,  0.353,  0.356,  
		0.36,  0.363,  0.366,  0.369,  
		0.372,  0.374,  0.376,  0.378,  
		0.38,  0.382,  0.384,  0.387,  
		0.389,  0.391,  0.393,  0.395,  
		0.397,  0.399,  0.402,  0.404,  
		0.406,  0.408,  0.41,  0.412,  
		0.414,  0.416,  0.419,  0.421,  
		0.423,  0.425,  0.427,  0.429,  
		0.431,  0.434,  0.436,  0.438,  
		0.44,  0.443,  0.445,  0.448,  
		0.451,  0.454,  0.456,  0.459,  
		0.462,  0.465,  0.467,  0.47,  
		0.473,  0.475,  0.478,  0.481,  
		0.484,  0.486,  0.489,  0.492,  
		0.495,  0.497,  0.5,  0.503,  
		0.506,  0.508,  0.511,  0.514,  
		0.517,  0.519,  0.522,  0.525,  
		0.527,  0.528,  0.53,  0.532,  
		0.534,  0.536,  0.538,  0.54,  
		0.542,  0.544,  0.546,  0.548,  
		0.55,  0.552,  0.554,  0.556,  
		0.558,  0.56,  0.562,  0.564,  
		0.566,  0.568,  0.57,  0.572,  
		0.574,  0.575,  0.577,  0.579,  
		0.581,  0.583,  0.585,  0.587,  
		0.589,  0.591,  0.593,  0.595,  
		0.597,  0.599,  0.601,  0.603,  
		0.605,  0.607,  0.609,  0.611,  
		0.613,  0.615,  0.617,  0.619,  
		0.621,  0.623,  0.624,  0.626,  
		0.628,  0.63,  0.632,  0.634,  
		0.636,  0.638,  0.64,  0.642,  
		0.644,  0.646,  0.648,  0.65,  
		0.652,  0.654,  0.656,  0.658,  
		0.66,  0.662,  0.664,  0.666,  
		0.668,  0.67,  0.671,  0.673,  
		0.675,  0.677,  0.679,  0.681,  
		0.683,  0.685,  0.687,  0.689,  
		0.691,  0.694,  0.696,  0.699,  
		0.702,  0.704,  0.707,  0.71,  
		0.712,  0.714,  0.714,  0.714,  
		0.714,  0.714,  0.714,  0.714,  
		0.714,  0.714,  0.714,  0.714,  
		0.714,  0.714,  0.718,  0.721,  
		0.724,  0.727,  0.73,  0.733,  
		0.736,  0.739,  0.743,  0.746,  
		0.749,  0.752,  0.755,  0.758,  
		0.761,  0.762,  0.763,  0.764,  
		0.764,  0.765,  0.766,  0.766,  
		0.767,  0.768,  0.768,  0.769,  
		0.77,  0.77,  0.771,  0.772,  
		0.772,  0.773,  0.774,  0.774,  
		0.774,  0.774,  0.774,  0.774,  
		0.774,  0.774,  0.774,  0.774,  
		0.774,  0.774,  0.774,  0.774,  
		0.774,  0.774,  0.774,  0.774,  
		0.774,  0.774,  0.774,  0.774,  
		0.774,  0.774,  0.774,  0.774,  
		0.774,  0.774,  0.774,  0.774,  
		0.774,  0.774,  0.774,  0.774,  
		0.774,  0.774,  0.774,  0.774,  
		0.774,  0.774,  0.774,  0.774,  
		0.774,  0.774,  0.774,  0.774,  
		0.774,  0.774,  0.774,  0.774,  
		0.774,  0.774,  0.774,  0.774,  
		0.774,  0.774,  0.772,  0.771,  
		0.769,  0.768,  0.766,  0.765,  
		0.763,  0.761,  0.76,  0.758,  
		0.757,  0.755,  0.754,  0.752,  
		0.75,  0.749,  0.747,  0.745,  
		0.743,  0.741,  0.739,  0.737,  
		0.735,  0.733,  0.731,  0.729,  
		0.727,  0.725,  0.723,  0.721,  
		0.719,  0.717,  0.715,  0.713,  
		0.71,  0.707,  0.704,  0.701,  
		0.698,  0.695,  0.692,  0.689,  
		0.686,  0.683,  0.681,  0.678,  
		0.676,  0.675,  0.673,  0.672,  
		0.67,  0.669,  0.667,  0.666,  
		0.664,  0.662,  0.661,  0.659,  
		0.658,  0.656,  0.654,  0.653,  
		0.651,  0.649,  0.647,  0.645,  
		0.643,  0.641,  0.639,  0.637,  
		0.635,  0.633,  0.631,  0.628,  
		0.626,  0.623,  0.621,  0.618,  
		0.615,  0.613,  0.61,  0.607,  
		0.605,  0.603,  0.602,  0.6,  
		0.598,  0.596,  0.594,  0.592,  
		0.59,  0.588,  0.586,  0.584,  
		0.582,  0.58,  0.578,  0.576,  
		0.574,  0.572,  0.57,  0.568,  
		0.566,  0.564,  0.562,  0.56,  
		0.558,  0.555,  0.553,  0.55,  
		0.548,  0.545,  0.542,  0.54,  
		0.537,  0.534,  0.531,  0.528,  
		0.525,  0.522,  0.519,  0.516,  
		0.512,  0.509,  0.506,  0.503,  
		0.5,  0.497,  0.494,  0.49,  
		0.487,  0.482,  0.477,  0.472,  
		0.467,  0.462,  0.457,  0.453,  
		0.448,  0.443,  0.438,  0.433,  
		0.428,  0.425,  0.423,  0.42,  
		0.417,  0.414,  0.412,  0.409,  
		0.406,  0.403,  0.4,  0.398,  
		0.395,  0.392,  0.389,  0.386,  
		0.384,  0.381,  0.378,  0.375,  
		0.372,  0.37,  0.367,  0.364,  
		0.361,  0.358,  0.355,  0.352,  
		0.349,  0.346,  0.343,  0.34,  
		0.337,  0.334,  0.331,  0.327,  
		0.323,  0.321,  0.321,  0.321,  
		0.319,  0.315,  0.311,  0.307,  
		0.303,  0.3,  0.296,  0.292,  
		0.288,  0.284,  0.28,  0.276,  
		0.272,  0.268,  0.264,  0.261,  
		0.259,  0.257,  0.255,  0.253,  
		0.251,  0.249,  0.247,  0.245,  
		0.243,  0.242,  0.24,  0.238,  
		0.236,  0.234,  0.232,  0.23,  
		0.228,  0.226,  0.222,  0.218,  
		0.214,  0.214,  0.214,  0.214,  
		0.21,  0.206,  0.202,  0.202,  
		0.202,  0.202,  0.202,  0.202,  
		0.202,  0.202,  0.202,  0.202,  
		0.202,  0.202,  0.202,  0.202,  
		0.202,  0.202,  0.202,  0.202,  
		0.202,  0.202,  0.202,  0.202,  
		0.202,  0.202,  0.202,  0.2,  
		0.197,  0.194,  0.191,  0.188,  
		0.185,  0.183,  0.18,  0.177,  
		0.174,  0.171,  0.168,  0.165,  
		0.162,  0.159,  0.156,  0.153,  
		0.15,  0.147,  0.144,  0.14,  
		0.137,  0.134,  0.131,  0.128,  
		0.125,  0.122,  0.119,  0.116,  
		0.113,  0.11,  0.107,  0.104,  
		0.101,  0.098,  0.095,  0.092,  
		0.089,  0.086,  0.082,  0.077,  
		0.072,  0.066,  0.061,  0.056,  
		0.051,  0.045,  0.04,  0.035,  
		0.031,  0.027,  0.024,  0.024,  
		0.024,  0.024,  0.024,  0.024,  
		0.024,  0.024,  0.024,  0.024,  
		0.024,  0.024,  0.024,  0.025,  
		0.025,  0.026,  0.027,  0.028,  
		0.028,  0.029,  0.03,  0.031,  
		0.032,  0.032,  0.033,  0.034,  
		0.035,  0.036,  0.037,  0.039,  
		0.041,  0.043,  0.045,  0.047,  
		0.049,  0.051,  0.053,  0.055,  
		0.057,  0.059,  0.061,  0.063,  
		0.065,  0.067,  0.069,  0.07,  
		0.072,  0.074,  0.076,  0.078,  
		0.08,  0.082,  0.084,  0.086,  
		0.088,  0.09,  0.092,  0.094,  
		0.096,  0.097,  0.098,  0.1,  
		0.101,  0.102,  0.104,  0.105,  
		0.106,  0.107,  0.109,  0.11,  
		0.111,  0.113,  0.114,  0.115,  
		0.117,  0.118,  0.119,  0.121,  
		0.122,  0.123,  0.124,  0.126,  
		0.127,  0.128,  0.13,  0.131,  
		0.132,  0.134,  0.135,  0.136,  
		0.137,  0.139,  0.14,  0.141,  
		0.143,  0.144,  0.145,  0.146,  
		0.147,  0.148,  0.149,  0.15,  
		0.151,  0.152,  0.153,  0.154,  
		0.156,  0.157,  0.158,  0.159,  
		0.16,  0.161,  0.162,  0.163,  
		0.164,  0.165,  0.166,  0.167,  
		0.168,  0.169,  0.171,  0.172,  
		0.173,  0.174,  0.175,  0.176,  
		0.177,  0.178,  0.179,  0.18,  
		0.181,  0.182,  0.183,  0.184,  
		0.185,  0.186,  0.187,  0.188,  
		0.189,  0.19,  0.191,  0.192,  
		0.193,  0.194,  0.195,  0.196,  
		0.197,  0.198,  0.199,  0.2,  
		0.201,  0.202,  0.203,  0.204,  
		0.204,  0.205,  0.206,  0.207,  
		0.208,  0.209,  0.21,  0.211,  
		0.212,  0.213,  0.214,  0.216,  
		0.217,  0.219,  0.22,  0.222,  
		0.223,  0.225,  0.226,  0.228,  
		0.229,  0.23,  0.232,  0.233,  
		0.235,  0.236,  0.238,  0.239,  
		0.241,  0.242,  0.244,  0.245,  
		0.247,  0.248,  0.25,  0.251,  
		0.252,  0.254,  0.255,  0.256,  
		0.257,  0.259,  0.26,  0.261,  
		0.263,  0.264,  0.265,  0.267,  
		0.268,  0.269,  0.271,  0.272,  
		0.273,  0.275,  0.278,  0.282,  
		0.285,  0.288,  0.291,  0.294,  
		0.297,  0.3,  0.303,  0.307,  
		0.31,  0.313,  0.316,  0.319,  
		0.322,  0.325,  0.328,  0.331,  
		0.334,  0.337,  0.34,  0.343,  
		0.346,  0.349,  0.352,  0.355,  
		0.357,  0.36,  0.362,  0.364,  
		0.367,  0.369,  0.372,  0.374,  
		0.376,  0.379,  0.381,  0.383,  
		0.386,  0.388,  0.39,  0.393,  
		0.394,  0.395,  0.397,  0.398,  
		0.399,  0.401,  0.402,  0.403,  
		0.405,  0.406,  0.407,  0.408,  
		0.41,  0.411,  0.412,  0.414,  
		0.415,  0.416,  0.417,  0.417,  
		0.417,  0.417,  0.417,  0.417,  
		0.417,  0.417,  0.417,  0.417,  
		0.417,  0.417,  0.417,  0.418,  
		0.418,  0.419,  0.42,  0.42,  
		0.421,  0.422,  0.422,  0.423,  
		0.424,  0.424,  0.425,  0.426,  
		0.426,  0.427,  0.427,  0.428,  
		0.429,  0.429,  0.429,  0.429,  
		0.429,  0.429,  0.429,  0.429,  
		0.429,  0.429,  0.429,  0.429,  
		0.429,  0.429,  0.429,  0.429,  
		0.429,  0.429,  0.429,  0.429,  
		0.429,  0.428,  0.424,  0.421,  
		0.417,  0.413,  0.409,  0.405,  
		0.401,  0.397,  0.393,  0.382,  
		0.37,  0.358,  0.35,  0.342,  
		0.335,  0.327,  0.319,  0.311,  
		0.308,  0.307,  0.306,  0.305,  
		0.303,  0.302,  0.301,  0.299,  
		0.298,  0.296,  0.294,  0.292,  
		0.29,  0.288,  0.286,  0.286,  
		0.286,  0.286,  0.286,  0.286,  
		0.286,  0.286,  0.286,  0.286,  
		0.286,  0.286,  0.286,  0.286,  
		0.286,  0.286,  0.286,  0.286,  
		0.286,  0.286,  0.286,  0.286,  
		0.286,  0.286,  0.286,  0.286,  
		0.288,  0.289,  0.291,  0.292,  
		0.294,  0.296,  0.297,  0.299,  
		0.3,  0.302,  0.303,  0.305,  
		0.307,  0.308,  0.31,  0.312,  
		0.315,  0.318,  0.32,  0.323,  
		0.325,  0.328,  0.331,  0.333 ],  
	// Array
	5, [ 0.0,  o[6],  o[7] ],  
	// Array
	6, [ 0.84,  0.289,  0.035,  0.35,  
		0.505,  0.61,  0.591,  0.285,  
		0.913,  0.543,  0.008,  0.251,  
		0.154,  0.921,  0.647,  1.202,  
		1.232,  1.261,  1.29,  1.32,  
		1.349,  1.409,  1.479,  1.55,  
		1.588,  1.611,  1.635,  1.658,  
		1.682,  1.705,  1.732,  1.762,  
		1.791,  1.82,  1.85,  1.879,  
		1.912,  1.947,  1.982,  2.012,  
		2.035,  2.059,  2.107,  2.107,  
		2.107,  2.107,  2.107,  2.107,  
		2.071,  2.071,  2.071,  2.071,  
		2.071,  2.071,  2.071,  2.071,  
		2.071,  2.071,  2.071,  2.071,  
		2.072,  2.076,  2.08,  2.084,  
		2.088,  2.092,  2.096,  2.1,  
		2.104,  2.108,  2.115,  2.121,  
		2.128,  2.135,  2.141,  2.148,  
		2.155,  2.162,  2.168,  2.175,  
		2.182,  2.188,  2.195,  2.202,  
		2.209,  2.215,  2.222,  2.229,  
		2.236,  2.242,  2.249,  2.258,  
		2.267,  2.277,  2.286,  2.296,  
		2.305,  2.314,  2.324,  2.333,  
		2.343,  2.352,  2.361,  2.371,  
		2.38,  2.39,  2.4,  2.412,  
		2.424,  2.436,  2.448,  2.459,  
		2.471,  2.483,  2.495,  2.506,  
		2.518,  2.53,  2.542,  2.553,  
		2.565,  2.577,  2.589,  2.6,  
		2.612,  2.624,  2.636,  2.643,  
		2.643,  2.643,  2.643,  2.643,  
		2.643,  2.636,  2.612,  2.589,  
		2.557,  2.505,  2.452,  2.399,  
		2.346,  2.293,  2.243,  2.208,  
		2.173,  2.138,  2.102,  2.067,  
		2.032,  1.997,  1.961,  2.642,  
		2.637,  2.631,  2.625,  2.619,  
		2.613,  2.607,  2.601,  2.595,  
		2.59,  2.584,  2.578,  2.572,  
		2.566,  2.56,  2.554,  2.548,  
		2.543,  2.537,  2.531,  2.525,  
		2.519,  2.513,  2.507,  2.501,  
		2.496,  2.49,  2.484,  2.478,  
		2.472,  2.466,  2.456,  2.444,  
		2.433,  2.421,  2.409,  2.397,  
		2.386,  2.374,  2.362,  2.35,  
		2.339,  2.327,  2.315,  2.303,  
		2.292,  2.28,  2.268,  2.256,  
		2.245,  2.233,  2.221,  2.208,  
		2.192,  2.176,  2.161,  2.145,  
		2.129,  2.114,  2.098,  2.082,  
		2.063,  2.033,  2.004,  1.974,  
		1.945,  1.916,  1.89,  1.878,  
		1.867,  1.855,  1.843,  1.831,  
		1.747,  1.723,  1.7,  1.679,  
		1.679,  1.679,  1.786,  1.786,  
		1.786,  1.786,  1.786,  1.786,  
		1.786,  1.768,  1.751,  1.733,  
		1.715,  1.698,  1.68,  1.671,  
		1.662,  1.653,  1.644,  1.635,  
		1.626,  1.618,  1.609,  1.6,  
		1.591,  1.582,  1.574,  1.563,  
		1.551,  1.539,  1.527,  1.515,  
		1.504,  1.488,  1.47,  1.453,  
		1.435,  1.417,  1.4,  1.386,  
		1.374,  1.362,  1.35,  1.339,  
		1.327,  1.318,  1.312,  1.307,  
		1.301,  1.295,  1.289,  1.286,  
		1.286,  1.286,  1.286,  1.286,  
		1.286,  1.286,  1.286,  1.286,  
		1.286,  1.286,  1.286,  1.286,  
		1.286,  1.286,  1.286,  1.286,  
		1.286,  1.286,  1.286,  1.286,  
		1.286,  1.286,  1.286,  1.286,  
		1.286,  1.286,  1.286,  1.286,  
		1.286,  1.287,  1.311,  1.334,  
		1.357,  1.369,  1.381,  1.393,  
		1.393,  1.393,  1.393,  1.393,  
		1.393,  1.393,  1.393,  1.393,  
		1.393,  1.393,  1.393,  1.393,  
		1.393,  1.393,  1.393,  1.393,  
		1.393,  1.393,  1.393,  1.393,  
		1.393,  1.393,  1.393,  1.393,  
		1.393,  1.393,  1.393,  1.393,  
		1.393,  1.393,  1.393,  1.393,  
		1.393,  1.393,  1.393,  1.393,  
		1.389,  1.381,  1.373,  1.365,  
		1.357,  1.35,  1.342,  1.334,  
		1.326,  1.313,  1.294,  1.274,  
		1.255,  1.235,  1.215,  1.196,  
		1.176,  1.157,  1.132,  1.097,  
		1.062,  1.031,  1.014,  0.996,  
		0.978,  0.961,  0.943,  0.928,  
		0.922,  0.916,  0.91,  0.904,  
		0.898,  0.893,  0.893,  0.893,  
		0.893,  0.893,  0.893,  0.893,  
		0.893,  0.893,  0.893,  0.893,  
		0.893,  0.893,  0.893,  0.893,  
		0.893,  0.893,  0.893,  0.893,  
		0.893,  0.893,  0.893,  0.893,  
		0.893,  0.893,  0.893,  0.893,  
		0.893,  0.886,  0.876,  0.867,  
		0.858,  0.848,  0.839,  0.829,  
		0.82,  0.811,  0.801,  0.792,  
		0.782,  0.773,  0.764,  0.754,  
		0.746,  0.74,  0.733,  0.726,  
		0.719,  0.713,  0.706,  0.699,  
		0.693,  0.686,  0.679,  0.672,  
		0.666,  0.659,  0.652,  0.645,  
		0.639,  0.632,  0.625,  0.619,  
		0.612,  0.605,  0.6,  0.594,  
		0.588,  0.582,  0.576,  0.57,  
		0.564,  0.558,  0.553,  0.547,  
		0.541,  0.535,  0.529,  0.523,  
		0.517,  0.511,  0.506,  0.5,  
		0.496,  0.492,  0.488,  0.484,  
		0.48,  0.476,  0.472,  0.468,  
		0.465,  0.461,  0.457,  0.453,  
		0.449,  0.445,  0.441,  0.437,  
		0.433,  0.429,  0.429,  0.429,  
		0.429,  0.429,  0.429,  0.429,  
		0.429,  0.429,  0.429,  0.429,  
		0.429,  0.429,  0.427,  0.424,  
		0.421,  0.418,  0.415,  0.412,  
		0.409,  0.406,  0.403,  0.4,  
		0.397,  0.394,  0.391,  0.388,  
		0.385,  0.383,  0.38,  0.377,  
		0.374,  0.371,  0.368,  0.365,  
		0.362,  0.359,  0.354,  0.346,  
		0.339,  0.331,  0.323,  0.315,  
		0.307,  0.299,  0.292,  0.284,  
		0.275,  0.266,  0.257,  0.248,  
		0.239,  0.231,  0.222,  0.213,  
		0.204,  0.195,  0.187,  0.178,  
		0.175,  0.172,  0.169,  0.167,  
		0.164,  0.161,  0.158,  0.155,  
		0.152,  0.149,  0.146,  0.143,  
		0.137,  0.131,  0.126,  0.12,  
		0.114,  0.108,  0.107,  0.107,  
		0.107,  0.107,  0.107,  0.107,  
		0.107,  0.107,  0.107,  0.107,  
		0.107,  0.107,  0.107,  0.107,  
		0.107,  0.106,  0.104,  0.103,  
		0.101,  0.099,  0.098,  0.096,  
		0.094,  0.093,  0.091,  0.089,  
		0.088,  0.086,  0.084,  0.083,  
		0.081,  0.079,  0.077,  0.076,  
		0.074,  0.072,  0.071,  0.07,  
		0.069,  0.068,  0.067,  0.066,  
		0.065,  0.064,  0.062,  0.061,  
		0.06,  0.059,  0.058,  0.057,  
		0.056,  0.055,  0.054,  0.053,  
		0.052,  0.051,  0.05,  0.049,  
		0.047,  0.046,  0.045,  0.044,  
		0.043,  0.042,  0.041,  0.04,  
		0.039,  0.038,  0.037,  0.036,  
		0.034,  0.032,  0.031,  0.029,  
		0.027,  0.026,  0.024,  0.022,  
		0.021,  0.019,  0.017,  0.016,  
		0.014,  0.012,  0.011,  0.009,  
		0.007,  0.006,  0.004,  0.002,  
		0.0,  0.0,  0.0,  0.0,  
		0.0,  0.0,  0.0,  0.0,  
		0.0,  0.0,  0.0,  0.0,  
		0.0,  0.0,  0.0,  0.0,  
		0.0,  0.0,  0.0,  0.0,  
		0.0,  0.0,  0.0,  0.0,  
		0.0,  0.0,  0.0,  0.0,  
		0.0,  0.0,  0.0,  0.0,  
		0.0,  0.0,  0.0,  0.0,  
		0.0,  0.0,  0.0,  0.0,  
		0.0,  0.0,  0.0,  0.0,  
		0.0,  0.0,  0.0,  0.0,  
		0.0,  0.0,  0.0,  0.0,  
		0.0,  0.0,  0.0,  0.0,  
		0.0,  0.0,  0.0,  0.0,  
		0.0,  0.0,  0.0,  0.0,  
		0.0,  0.0,  0.0,  0.0,  
		0.0,  0.0,  0.0,  0.0,  
		0.0,  0.0,  0.0,  0.0,  
		0.0,  0.0,  0.0,  0.0,  
		0.0,  0.0,  0.0,  0.0,  
		0.0,  0.0,  0.0,  0.0,  
		0.0,  0.0,  0.0,  0.0,  
		0.0,  0.0,  0.0,  0.0,  
		0.0,  0.0,  0.0,  0.0,  
		0.0,  0.0,  0.0,  0.0,  
		0.0,  0.0,  0.0,  0.0,  
		0.0,  0.0,  0.0,  0.0,  
		0.0,  0.0,  0.0,  0.0,  
		0.0,  0.0,  0.0,  0.0,  
		0.0,  0.0,  0.0,  0.0,  
		0.0,  0.0,  0.0,  0.0,  
		0.0,  0.0,  0.0,  0.0,  
		0.0,  0.0,  0.0,  0.0,  
		0.0,  0.0,  0.0,  0.0,  
		0.0,  0.0,  0.0,  0.0,  
		0.0,  0.0,  0.0,  0.0,  
		0.0,  0.0,  0.0,  0.0,  
		0.0,  0.0,  0.0,  0.0,  
		0.0,  0.0,  0.0,  0.0,  
		0.0,  0.0,  0.0,  0.0,  
		0.0,  0.0,  0.0,  0.0,  
		0.0,  0.0,  0.0,  0.0,  
		0.0,  0.0,  0.0,  0.0,  
		0.0,  0.0,  0.0,  0.0,  
		0.0,  0.0,  0.0,  0.0,  
		0.0,  0.0,  0.0,  0.0,  
		0.0,  0.0,  0.0,  0.0,  
		0.0,  0.0,  0.0,  0.0,  
		0.0,  0.0,  0.0,  0.0,  
		0.0,  0.0,  0.0,  0.0,  
		0.0,  0.0,  0.0,  0.0,  
		0.0,  0.0,  0.0,  0.0,  
		0.0,  0.0,  0.0,  0.0,  
		0.0,  0.0,  0.0,  0.0,  
		0.0,  0.0,  0.0,  0.0,  
		0.0,  0.0,  0.0,  0.0,  
		0.0,  0.0,  0.0,  0.0,  
		0.0,  0.0,  0.0,  0.0,  
		0.0,  0.0,  0.0,  0.0,  
		0.0,  0.0,  0.0,  0.0,  
		0.0,  0.0,  0.0,  0.0,  
		0.0,  0.0,  0.0,  0.0,  
		0.0,  0.0,  0.0,  0.0,  
		0.0,  0.0,  0.0,  0.0,  
		0.0,  0.0,  0.0,  0.0,  
		0.0,  0.0,  0.0,  0.0,  
		0.0,  0.0,  0.0,  0.0,  
		0.0,  0.0,  0.0,  0.0,  
		0.0,  0.0,  0.0,  0.0,  
		0.0,  0.0,  0.0,  0.0,  
		0.0,  0.0,  0.0,  0.0,  
		0.0,  0.0,  0.0,  0.0,  
		0.0,  0.0,  0.0,  0.0,  
		0.0,  0.0,  0.0,  0.0,  
		0.0,  0.0,  0.0,  0.0,  
		0.0,  0.0,  0.0,  0.0,  
		0.0,  0.0,  0.0,  0.0,  
		0.0,  0.0,  0.0,  0.0,  
		0.0,  0.0,  0.0,  0.0,  
		0.0,  0.0,  0.0,  0.0,  
		0.0,  0.0,  0.0,  0.0,  
		0.0,  0.0,  0.0,  0.0,  
		0.0,  0.0,  0.0,  0.0,  
		0.0,  0.0,  0.0,  0.0,  
		0.0,  0.0,  0.0,  0.0,  
		0.0,  0.0,  0.0,  0.0,  
		0.0,  0.0,  0.0,  0.0,  
		0.0,  0.0,  0.0,  0.0,  
		0.0,  0.0,  0.0,  0.0,  
		0.0,  0.0,  0.0,  0.0,  
		0.0,  0.0,  0.0,  0.0,  
		0.0,  0.0,  0.0,  0.0 ],  
	// Array
	7, [ 0.123,  0.127,  0.131,  0.135,  
		0.139,  0.143,  0.146,  0.15,  
		0.154,  0.158,  0.162,  0.166,  
		0.17,  0.174,  0.178,  0.182,  
		0.186,  0.19,  0.384,  0.435,  
		0.486,  0.562,  0.566,  0.57,  
		0.601,  0.608,  0.616,  0.645,  
		0.649,  0.653,  0.669,  0.673,  
		0.677,  0.679,  0.679,  0.679,  
		0.693,  0.696,  0.7,  0.704,  
		0.708,  0.712,  0.716,  0.72,  
		0.724,  0.726,  0.726,  0.726,  
		0.726,  0.726,  0.726,  0.729,  
		0.737,  0.745,  0.751,  0.755,  
		0.759,  0.763,  0.767,  0.771,  
		0.775,  0.779,  0.783,  0.787,  
		0.795,  0.803,  0.811,  0.819,  
		0.826,  0.834,  0.838,  0.842,  
		0.846,  0.849,  0.853,  0.858,  
		0.873,  0.889,  0.905,  0.909,  
		0.913,  0.917,  0.909,  0.901,  
		0.893,  0.878,  0.863,  0.847,  
		0.835,  0.823,  0.811,  0.764,  
		0.752,  0.74,  0.725,  0.71,  
		0.694,  0.675,  0.656,  0.636,  
		0.625,  0.617,  0.61,  0.602,  
		0.594,  0.586,  0.581,  0.577,  
		0.573,  0.569,  0.565,  0.561,  
		0.557,  0.553,  0.549,  0.546,  
		0.542,  0.538,  0.534,  0.53,  
		0.526,  0.521,  0.515,  0.509,  
		0.503,  0.498,  0.492,  0.486,  
		0.481,  0.476,  0.47,  0.465,  
		0.46,  0.455,  0.45,  0.444,  
		0.439,  0.433,  0.427,  0.421,  
		0.415,  0.41,  0.404,  0.4,  
		0.396,  0.392,  0.388,  0.384,  
		0.381,  0.379,  0.377,  0.375,  
		0.373,  0.371,  0.369,  0.367,  
		0.365,  0.363,  0.361,  0.359,  
		0.357,  0.355,  0.353,  0.351,  
		0.349,  0.347,  0.345,  0.342,  
		0.338,  0.334,  0.33,  0.326,  
		0.322,  0.318,  0.314,  0.31,  
		0.308,  0.306,  0.304,  0.302,  
		0.3,  0.298,  0.297,  0.295,  
		0.294,  0.293,  0.292,  0.29,  
		0.289,  0.288,  0.286,  0.286,  
		0.286,  0.286,  0.286,  0.286,  
		0.286,  0.286,  0.286,  0.286,  
		0.286,  0.286,  0.286,  0.286,  
		0.286,  0.286,  0.58,  0.57,  
		0.56,  0.55,  0.54,  0.531,  
		0.52,  0.509,  0.497,  0.485,  
		0.473,  0.462,  0.451,  0.444,  
		0.437,  0.43,  0.423,  0.416,  
		0.408,  0.401,  0.394,  0.387,  
		0.38,  0.373,  0.366,  0.359,  
		0.352,  0.345,  0.337,  0.329,  
		0.321,  0.314,  0.306,  0.298,  
		0.29,  0.282,  0.274,  0.27,  
		0.266,  0.262,  0.258,  0.255,  
		0.251,  0.247,  0.243,  0.239,  
		0.235,  0.231,  0.227,  0.223,  
		0.219,  0.215,  0.213,  0.211,  
		0.209,  0.207,  0.205,  0.203,  
		0.201,  0.199,  0.197,  0.195,  
		0.193,  0.191,  0.188,  0.184,  
		0.18,  0.177,  0.173,  0.169,  
		0.167,  0.167,  0.167,  0.167,  
		0.167,  0.167,  0.169,  0.175,  
		0.181,  0.187,  0.193,  0.198,  
		0.205,  0.213,  0.221,  0.229,  
		0.236,  0.244,  0.252,  0.26,  
		0.268,  0.276,  0.287,  0.298,  
		0.309,  0.32,  0.331,  0.342,  
		0.353,  0.364,  0.375,  0.386,  
		0.397,  0.408,  0.419,  0.43,  
		0.441,  0.457,  0.472,  0.488,  
		0.488,  0.488,  0.488,  0.488,  
		0.488,  0.488,  0.488,  0.488,  
		0.488,  0.488,  0.488,  0.488,  
		0.488,  0.488,  0.488,  0.488,  
		0.488,  0.488,  0.488,  0.488,  
		0.488,  0.488,  0.488,  0.488,  
		0.488,  0.488,  0.488,  0.488,  
		0.488,  0.488,  0.488,  0.488,  
		0.488,  0.488,  0.488,  0.488,  
		0.488,  0.488,  0.488,  0.488,  
		0.488,  0.488,  0.488,  0.486,  
		0.485,  0.484,  0.482,  0.481,  
		0.48,  0.478,  0.477,  0.476,  
		0.476,  0.476,  0.476,  0.474,  
		0.472,  0.47,  0.468,  0.466,  
		0.464,  0.461,  0.458,  0.456,  
		0.453,  0.451,  0.448,  0.445,  
		0.443,  0.44,  0.438,  0.435,  
		0.432,  0.43,  0.427,  0.425,  
		0.422,  0.419,  0.417,  0.411,  
		0.405,  0.399,  0.393,  0.387,  
		0.381,  0.374,  0.366,  0.358,  
		0.357,  0.357,  0.357,  0.357,  
		0.357,  0.357,  0.356,  0.355,  
		0.354,  0.353,  0.352,  0.351,  
		0.35,  0.35,  0.349,  0.348,  
		0.347,  0.346,  0.344,  0.342,  
		0.341,  0.339,  0.337,  0.336,  
		0.334,  0.332,  0.331,  0.329,  
		0.327,  0.326,  0.324,  0.322,  
		0.321,  0.319,  0.317,  0.316,  
		0.314,  0.312,  0.311,  0.309,  
		0.308,  0.307,  0.305,  0.304,  
		0.303,  0.302,  0.301,  0.299,  
		0.298,  0.297,  0.296,  0.295,  
		0.293,  0.292,  0.291,  0.29,  
		0.289,  0.287,  0.286,  0.285,  
		0.284,  0.283,  0.281,  0.28,  
		0.279,  0.278,  0.277,  0.275,  
		0.274,  0.273,  0.272,  0.271,  
		0.269,  0.268,  0.267,  0.266,  
		0.264,  0.263,  0.262,  0.261,  
		0.259,  0.258,  0.257,  0.255,  
		0.254,  0.252,  0.251,  0.25,  
		0.248,  0.247,  0.245,  0.244,  
		0.243,  0.241,  0.24,  0.239,  
		0.237,  0.236,  0.234,  0.233,  
		0.232,  0.23,  0.229,  0.228,  
		0.226,  0.225,  0.223,  0.222,  
		0.221,  0.219,  0.218,  0.216,  
		0.215,  0.214,  0.212,  0.211,  
		0.21,  0.208,  0.207,  0.205,  
		0.204,  0.203,  0.201,  0.2,  
		0.198,  0.197,  0.196,  0.194,  
		0.193,  0.192,  0.19,  0.189,  
		0.187,  0.186,  0.185,  0.183,  
		0.182,  0.181,  0.179,  0.178,  
		0.176,  0.175,  0.174,  0.172,  
		0.171,  0.169,  0.168,  0.167,  
		0.165,  0.164,  0.163,  0.161,  
		0.16,  0.158,  0.157,  0.156,  
		0.154,  0.153,  0.151,  0.15,  
		0.149,  0.147,  0.146,  0.145,  
		0.143,  0.142,  0.14,  0.139,  
		0.138,  0.136,  0.135,  0.133,  
		0.132,  0.131,  0.129,  0.128,  
		0.127,  0.125,  0.124,  0.122,  
		0.121,  0.12,  0.118,  0.117,  
		0.115,  0.113,  0.112,  0.11,  
		0.108,  0.107,  0.105,  0.103,  
		0.102,  0.1,  0.099,  0.097,  
		0.095,  0.094,  0.092,  0.09,  
		0.089,  0.087,  0.085,  0.084,  
		0.082,  0.081,  0.079,  0.077,  
		0.076,  0.074,  0.072,  0.071,  
		0.069,  0.068,  0.066,  0.064,  
		0.063,  0.061,  0.059,  0.058,  
		0.056,  0.054,  0.053,  0.051,  
		0.049,  0.048,  0.046,  0.044,  
		0.043,  0.041,  0.039,  0.038,  
		0.036,  0.034,  0.033,  0.031,  
		0.029,  0.027,  0.026,  0.024,  
		0.022,  0.021,  0.019,  0.017,  
		0.016,  0.014,  0.012,  0.011,  
		0.009,  0.007,  0.006,  0.004,  
		0.002,  0.001,  0.0,  0.0,  
		0.0,  0.0,  0.0,  0.0,  
		0.0,  0.0,  0.0,  0.0,  
		0.0,  0.0,  0.0,  0.0,  
		0.0,  0.0,  0.0,  0.0,  
		0.0,  0.0,  0.0,  0.0,  
		0.0,  0.0,  0.0,  0.0,  
		0.0,  0.0,  0.0,  0.0,  
		0.0,  0.0,  0.0,  0.0,  
		0.0,  0.0,  0.0,  0.0,  
		0.0,  0.0,  0.0,  0.0,  
		0.0,  0.0,  0.0,  0.0,  
		0.0,  0.0,  0.0,  0.0,  
		0.0,  0.0,  0.0,  0.0,  
		0.0,  0.0,  0.0,  0.0,  
		0.0,  0.0,  0.0,  0.0,  
		0.0,  0.0,  0.0,  0.0,  
		0.0,  0.0,  0.0,  0.0,  
		0.0,  0.0,  0.0,  0.0,  
		0.0,  0.0,  0.0,  0.0,  
		0.0,  0.0,  0.0,  0.0,  
		0.0,  0.0,  0.0,  0.0,  
		0.0,  0.0,  0.0,  0.0,  
		0.0,  0.0,  0.0,  0.0,  
		0.0,  0.0,  0.0,  0.0,  
		0.0,  0.0,  0.0,  0.0,  
		0.0,  0.0,  0.0,  0.0,  
		0.0,  0.0,  0.0,  0.0,  
		0.0,  0.0,  0.0,  0.0,  
		0.0,  0.0,  0.0,  0.0,  
		0.0,  0.0,  0.0,  0.0,  
		0.0,  0.0,  0.0,  0.0,  
		0.0,  0.0,  0.0,  0.0,  
		0.0,  0.0,  0.0,  0.0,  
		0.0,  0.0,  0.0,  0.0,  
		0.0,  0.0,  0.0,  0.0,  
		0.0,  0.0,  0.0,  0.0,  
		0.0,  0.0,  0.0,  0.0,  
		0.0,  0.0,  0.0,  0.0,  
		0.0,  0.0,  0.0,  0.0,  
		0.0,  0.0,  0.0,  0.0,  
		0.0,  0.0,  0.0,  0.0,  
		0.0,  0.0,  0.0,  0.0,  
		0.0,  0.0,  0.0,  0.0,  
		0.0,  0.0,  0.0,  0.0,  
		0.0,  0.0,  0.0,  0.0,  
		0.0,  0.0,  0.0,  0.0,  
		0.0,  0.0,  0.0,  0.0,  
		0.0,  0.0,  0.0,  0.0,  
		0.0,  0.0,  0.0,  0.0,  
		0.0,  0.0,  0.0,  0.0,  
		0.0,  0.0,  0.0,  0.0,  
		0.0,  0.0,  0.0,  0.0,  
		0.0,  0.0,  0.0,  0.0,  
		0.0,  0.0,  0.0,  0.0,  
		0.0,  0.0,  0.0,  0.0,  
		0.0,  0.0,  0.0,  0.0,  
		0.0,  0.0,  0.0,  0.0,  
		0.0,  0.0,  0.0,  0.0,  
		0.0,  0.0,  0.0,  0.0,  
		0.0,  0.0,  0.0,  0.0,  
		0.0,  0.0,  0.0,  0.0,  
		0.0,  0.0,  0.0,  0.0,  
		0.0,  0.0,  0.0,  0.0,  
		0.0,  0.0,  0.0,  0.0,  
		0.0,  0.0,  0.0,  0.0,  
		0.0,  0.0,  0.0,  0.0,  
		0.0,  0.0,  0.0,  0.0,  
		0.0,  0.0,  0.0,  0.0,  
		0.0,  0.0,  0.0,  0.0,  
		0.0,  0.0,  0.0,  0.0,  
		0.0,  0.0,  0.0,  0.0,  
		0.0,  0.0,  0.0,  0.0,  
		0.0,  0.0,  0.0,  0.0,  
		0.0,  0.0,  0.0,  0.0,  
		0.0,  0.0,  0.0,  0.0,  
		0.0,  0.0,  0.0,  0.0,  
		0.0,  0.0,  0.0,  0.0,  
		0.0,  0.0,  0.0,  0.0,  
		0.0,  0.0,  0.0,  0.0,  
		0.0,  0.0,  0.0,  0.0,  
		0.0,  0.0,  0.0,  0.0,  
		0.0,  0.0,  0.0,  0.0,  
		0.0,  0.0,  0.0,  0.0,  
		0.0,  0.0,  0.0,  0.0,  
		0.0,  0.0,  0.0,  0.0,  
		0.0,  0.0,  0.0,  0.0,  
		0.0,  0.0,  0.0,  0.0,  
		0.0,  0.0,  0.0,  0.0,  
		0.0,  0.0,  0.0,  0.0,  
		0.0,  0.0,  0.0,  0.0,  
		0.0,  0.0,  0.0,  0.0 ],  
	// Array
	8, [ 0,  0,  0 ]
];
prUnarchive(o,p);
